% Model:              RRDE- Voltammetry at PBO2 DISK - Scan Rate 0.1mV -10mV with reference electrode - Copy - Copy - Copy.mph
% Version:            COMSOL 5.3.1.275
% Date:               May 29 2020, 10:34
% Dimension:          1
% Nodes:              165
% Elements:           164
% Expressions:        1
% Description:        Global
% Coordinates
1
1.0000000035762695
1.0000000129102495
1.0000000280374637
1.0000000489575507
1.0000001081741066
1.0000001905540654
1.0000004247693068
1.0000007110227562
1.0000010704675093
1.0000015029909903
1.0000020084577557
1.0000025867095252
1.0000032375652421
1.000004756250846
1.0000063690932401
1.000008213323465
1.00001028707252
1.0000125882396165
1.0000151144946068
1.000020831817421
1.000027415922521
1.0000430747944313
1.0000834088478356
1.0001335576264803
1.000250571272236
1.0004690536295349
1.0008297392600114
1.001550592680585
1.0029922995217342
1.005875713204036
1.0116425405686387
1.023176195297837
1.0323099373743345
1.04029171505745
1.046485956062143
1.0516740080577125
1.056194907713163
1.0602637174030642
1.0639256461239792
1.0672213819728023
1.0705171178216248
1.0734832800855632
1.0764494423495046
1.0794156046134449
1.0853479291413237
1.0906870212164157
1.0960261132915072
1.1013652053666
1.106704297441692
1.1120433895167818
1.1173824815918763
1.1206204209668313
1.1235345664042928
1.1261572972980107
1.128780028191725
1.1314027590854399
1.1366482208728719
1.1413691364815586
1.1460900520902475
1.1508109676989344
1.1555318833076254
1.1601625102928341
1.1641884210733562
1.1682143318538778
1.1722402426344014
1.1774617610212428
1.1821611275694048
1.1868604941175631
1.1915598606657227
1.1962592272138803
1.2009585937620415
1.205657960310201
1.2103573268583614
1.2145867567517041
1.2188161866450498
1.2231218342337051
1.226926111296447
1.2307303883591905
1.2345346654219311
1.2398049077722013
1.2450751501224717
1.250345392472743
1.2556156348230163
1.260885877173287
1.2661561195235589
1.2714263618738304
1.2766966042241017
1.2819668465743745
1.28723708892464
1.2925073312749147
1.2977775736251858
1.3025207917404276
1.307264009855674
1.312007227970919
1.31514853071752
1.3179757031894683
1.3208028756614074
1.323347330886159
1.3258917861109072
1.3284362413356579
1.3335251517851576
1.3386140622346558
1.3437029726841545
1.3487918831336525
1.3538807935831527
1.3589697040326538
1.3640586144821516
1.3691475249316492
1.3742364353811491
1.3793253458306471
1.3844142562801451
1.389503166729644
1.39459207717914
1.399680987628641
1.4047698980781378
1.40985880852764
1.4140507644838733
1.4182427204401056
1.4241103793803447
1.4299780383205782
1.4358456972608118
1.4417133562010527
1.447581015141289
1.4534486740815251
1.4593163330217593
1.4651839919619996
1.4710516509022376
1.4769193098424722
1.4827869687827104
1.4886546277229482
1.4945222866631862
1.5003899456034193
1.5062576045436566
1.5121252634838946
1.51799292242413
1.5238605813643675
1.5297282403046006
1.5355958992448395
1.5414635581850757
1.5473312171253137
1.5531988760655533
1.559066535005787
1.5708018528862635
1.5825371707667322
1.5942724886472108
1.6060078065276808
1.6177431244081555
1.6294784422886315
1.641213760169105
1.6529490780495741
1.6764197138105212
1.6998903495714668
1.7233609853324212
1.746831621093365
1.7703022568543125
1.7937728926152583
1.8172435283762014
1.8407141641371487
1.864184799898101
1.887655435659044
1.9345967071809411
1.9815379787028338
1.9994990004999973
2
% Elements (lines)
1          2
2          3
3          4
4          5
5          6
6          7
7          8
8          9
9          10
10         11
11         12
12         13
13         14
14         15
15         16
16         17
17         18
18         19
19         20
20         21
21         22
22         23
23         24
24         25
25         26
26         27
27         28
28         29
29         30
30         31
31         32
32         33
33         34
34         35
35         36
36         37
37         38
38         39
39         40
40         41
41         42
42         43
43         44
44         45
45         46
46         47
47         48
48         49
49         50
50         51
51         52
52         53
53         54
54         55
55         56
56         57
57         58
58         59
59         60
60         61
61         62
62         63
63         64
64         65
65         66
66         67
67         68
68         69
69         70
70         71
71         72
72         73
73         74
74         75
75         76
76         77
77         78
78         79
79         80
80         81
81         82
82         83
83         84
84         85
85         86
86         87
87         88
88         89
89         90
90         91
91         92
92         93
93         94
94         95
95         96
96         97
97         98
98         99
99         100
100        101
101        102
102        103
103        104
104        105
105        106
106        107
107        108
108        109
109        110
110        111
111        112
112        113
113        114
114        115
115        116
116        117
117        118
118        119
119        120
120        121
121        122
122        123
123        124
124        125
125        126
126        127
127        128
128        129
129        130
130        131
131        132
132        133
133        134
134        135
135        136
136        137
137        138
138        139
139        140
140        141
141        142
142        143
143        144
144        145
145        146
146        147
147        148
148        149
149        150
150        151
151        152
152        153
153        154
154        155
155        156
156        157
157        158
158        159
159        160
160        161
161        162
162        163
163        164
164        165
% Data (Height)
5.009477268580196E-8
1.754923103191696E-8
7.110805010262527E-9
3.36635053104372E-9
1.8714862634689275E-9
4.5292071330083816E-10
3.0021861387725763E-10
2.3053445975540538E-10
2.9551112892648776E-10
3.225887554786408E-10
3.2814496854866713E-10
3.3233646720878837E-10
3.367187241459159E-10
3.4219917846000123E-10
3.6095588763305267E-10
3.7896622678734604E-10
3.9606075095106255E-10
4.1237564649936367E-10
4.287752011612219E-10
4.455983575369062E-10
4.77434541839489E-10
5.055215893414348E-10
5.694308201224435E-10
9.048765255985945E-10
3.300043632491547E-9
7.157468166968014E-9
1.572273774226248E-9
-1.9835488265580595E-8
-1.4337723917517805E-8
1.4359353955618496E-8
8.01921017922795E-8
2.942280884347223E-7
1.3959085121429226E-9
3.4789299534630955E-9
3.0107233824106743E-9
3.6261448347940053E-9
4.50927259963299E-9
5.462529568436414E-9
6.529299209042674E-9
7.450729660140658E-9
8.529261263763349E-9
9.718296667449465E-9
1.0980442236124655E-8
1.2351740058948995E-8
1.3894362129320532E-8
1.8077880564674448E-8
2.2370404505240457E-8
2.764245513614936E-8
3.415394150866202E-8
4.219703363198635E-8
3.936917489551296E-7
1.4658380393249862E-6
8.07195082953132E-8
8.062858329135593E-8
8.884002581074723E-8
9.852513047877079E-8
1.0926953699822851E-7
1.381232246324488E-7
6.360905453508004E-7
2.0415757646579926E-7
2.409840719330618E-7
1.2540941556597549E-6
3.6028101974067074E-7
4.091923861243608E-7
4.826617354729337E-7
9.865750307468756E-7
6.990575187368051E-7
1.0102915824219673E-6
1.0096646693475932E-6
1.8143892526993552E-6
1.4724154875279072E-6
1.8359221005718997E-6
3.78740195991703E-6
2.595992976944031E-6
2.991778948853865E-6
5.607606721661524E-6
4.303106111615065E-6
4.861955830467418E-6
5.665942857982199E-6
7.473661395336896E-6
8.109208065712007E-6
9.962801254959335E-6
1.2152523604112262E-5
1.4906483634933587E-5
1.8281404298645242E-5
2.2403233205866218E-5
2.742712871013519E-5
3.3546089990885505E-5
4.0981821238117596E-5
4.9996180433608545E-5
6.585392787234202E-5
7.504997839116639E-5
8.834263484097721E-5
1.1075434989610206E-4
1.4426377603205247E-4
1.4656481645661235E-4
1.548860929499859E-4
1.6621177476169196E-4
1.8039086781562521E-4
1.9625478678196386E-4
2.1350118653911987E-4
2.555714543667799E-4
3.0143679992745477E-4
3.519714304637092E-4
4.1144087713638485E-4
4.708426093751169E-4
5.352675228852525E-4
6.039832449837719E-4
6.749833214354537E-4
7.46039115508617E-4
8.146531666427527E-4
8.781327413601033E-4
9.336941705775142E-4
9.78695098454737E-4
0.001010888514749644
0.0010193312902404977
0.001024214985742214
0.0010179433252232033
9.980890435196392E-4
9.620305316766751E-4
9.132123661100681E-4
8.559166234728642E-4
7.953583413300992E-4
7.358003917421068E-4
6.803567607884493E-4
6.309034836307301E-4
5.881610503907679E-4
5.519806143324037E-4
5.216889578221744E-4
4.963957663137075E-4
4.751918152540909E-4
4.57285990517057E-4
4.420199249413336E-4
4.288637181451412E-4
4.145706248966465E-4
4.068574514381966E-4
3.989000521432648E-4
3.8955096279220095E-4
3.8626355912581956E-4
3.7804077431902085E-4
3.7988826089157174E-4
3.693690670327516E-4
3.620007811749477E-4
3.4755932681518076E-4
3.420349855391129E-4
3.247453126207062E-4
3.2293916115724093E-4
3.175963538404559E-4
3.147836288844007E-4
3.04423495908678E-4
2.989089907271836E-4
2.9214097461218304E-4
2.8261421323371203E-4
2.834747416136535E-4
1.9116276324164082E-4
2.576806014365757E-4
2.491022391790217E-4
0.0011698324634553516
2.319112317908494E-4
1.0280130357493181E-4
4.429199842243156E-4
2.1785166320292866E-4
0.0028111903884277638
0.001994511018875128
2.0154832666123248E-4
